runLambda10.py 
<function make_oneLambdaEA.<locals>.oneLambdaEA at 0x1041d5a60>
<function one_max at 0x10210dd08>
25
[ 16.  15.  33.  19.  21.  14.  29.  17.  18.  20.]
50
[ 54.  57.  85.  71.  29.  36.  55.  46.  39.  41.]
75
[  77.  111.   59.   71.   62.  112.  143.   85.  109.   72.]
100
[  83.  120.  174.   92.  100.  178.   92.   98.  123.  169.]
125
[ 158.  268.  237.  152.  152.  178.  164.  189.  195.  153.]
150
[ 144.  179.  219.  189.  180.  200.  348.  295.  303.  169.]
175
[ 252.  314.  178.  155.  264.  263.  276.  211.  199.  255.]

<function leading_ones at 0x1041d5488>
25
[  72.   61.   58.   33.   36.   73.   56.  112.   46.   43.]
50
[ 219.  236.  316.  122.  203.  162.  157.  218.  235.  193.]
75
[ 584.  403.  418.  551.  479.  598.  503.  416.  693.  547.]
100
[  725.   889.   844.   581.   743.   970.   776.   941.   809.  1061.]
125
[ 1414.  1587.  1155.  1299.  1347.  1280.  1371.  1600.  1242.  1624.]
150
[ 2062.  2458.  1982.  1690.  2122.  1962.  1751.  1894.  2347.  2154.]
175
[ 2870.  2911.  2687.  2368.  2821.  2642.  2507.  2000.  2817.  2210.]

<function jump at 0x1041d5400>
25
[ 153.   22.   14.  100.  324.  412.   41.   32.  202.  716.]
50
[ 2383.  2809.   189.  2468.   740.   763.  3215.  2436.   472.   982.]
75
[  1878.  10897.   4260.   1687.   2715.   2901.    682.  33557.  14734.
    890.]
100
[ 16815.   3437.   2807.  13148.   2425.  16309.   3132.  61294.  18871.
  16775.]
125
[  1633.   6770.  21692.  13787.   3139.  34537.  18310.  96308.   8614.
  21043.]
150
[  46554.   67896.    1371.   54225.  140748.   52637.   15171.   22122.
   56537.   21420.]
175
[  60117.   22599.  120371.   77789.   14348.    3515.    8685.   67879.
   71441.   21354.]

<function royal_roads at 0x1041d5598>
25
[ 245.  183.   68.   44.  191.   23.   68.  110.   90.   92.]
50
[  399.  1274.   244.   317.   299.   139.   175.   358.   357.   362.]
75
[ 622.  978.  523.  941.  820.  394.  342.  624.  732.  758.]
100
[ 1000.  1229.   595.  1254.   690.   918.  1095.   923.  1275.   764.]
125
[  731.  1232.  1267.  1191.   833.  1589.  1039.  2047.  2904.  1676.]
150
[ 2137.  1176.  1457.  1187.  1052.  1273.  1715.  1131.  1259.  1654.]
175
[ 1884.  1995.  1661.  2465.  2173.  2006.  3278.  2211.  3010.  1567.]
