runLambda2.py 
<function make_oneLambdaEA.<locals>.oneLambdaEA at 0x10a2e6a60>
<function one_max at 0x10821fd08>
25
[  84.  106.  121.   50.   76.  153.   93.  116.   66.   93.]
50
[ 184.  235.  202.  193.  193.  257.  367.  214.  269.  136.]
75
[ 243.  261.  404.  642.  325.  420.  580.  309.  367.  385.]
100
[ 467.  287.  344.  418.  622.  682.  561.  476.  555.  653.]
125
[  785.   544.   685.   625.  1285.   537.   775.   510.   469.   495.]
150
[ 1162.   934.   528.   951.  1073.   857.   764.   801.   582.   603.]
175
[  950.   776.  1259.  1283.   968.   981.  1185.  1414.   993.  1420.]

<function leading_ones at 0x10a2e6488>
25
[ 344.  208.  328.  314.  170.  192.  424.  213.  146.  332.]
50
[ 1058.   913.   757.   841.  1527.   938.  1199.  1312.  1264.  1138.]
75
[ 3470.  2372.  2047.  2360.  2970.  2593.  2756.  3474.  3911.  2830.]
100
[ 4363.  3894.  4263.  3769.  3994.  4644.  4386.  5683.  4121.  4959.]
125
[ 5619.  8396.  4724.  6165.  4939.  6816.  7447.  7082.  7761.  6327.]
150
[  7066.   7863.   9173.   8660.   9895.   8602.   8754.  11448.  11716.
  10648.]
175
[ 12432.  12778.  12132.  14822.  15297.  15116.  12091.  13630.  10037.
  10938.]

<function jump at 0x10a2e6400>
25
[  9420.  90464.  20121.  54298.  19387.  85526.    602.   7765.   6004.
  28075.]
50
[ 119617.  314069.  148561.  312024.  249281.   37730.   75684.  272726.
  163674.  245791.]
75
[ 1727630.     3101.   407984.    59276.   737335.  1588634.   201387.
   226347.   245244.    49104.]
100
[ 4437173.  2409492.  8726876.   407787.   282223.  3673913.  1047712.
  5096421.   187428.  3218129.]
125
[ 1795985.   956446.  1583424.  4063485.  3099813.  3612491.  1527497.
   712327.   696507.  3664278.]
150
[  2625773.   5050915.   3345113.  11436114.   2535769.   9036954.
   6933094.   1872598.   1502565.  11000171.]