<function oneOneEA at 0x11090b730>
<function one_max at 0x10e84ad08>
25
[ 146.  103.   61.  186.  170.   94.  147.  130.  299.  166.]
50
[ 222.  347.  373.  424.  807.  333.  336.  608.  267.  426.]
75
[  695.   564.  1135.   795.   840.   574.   762.  1392.  1499.   683.]
100
[  682.   744.  1352.   705.   992.  1358.   634.   772.  1243.   753.]
125
[ 1347.   754.  1152.  1235.   617.  1479.  1114.  1134.  1737.   994.]
150
[ 1398.  1905.  1104.  1416.  1102.  2026.  1535.  1462.  1216.  1354.]
175
[ 1740.  1762.  2363.  1666.  3052.  1877.  1760.  2102.  2430.  1343.]

<function leading_ones at 0x11090b488>
25
[ 268.  660.  732.  540.  480.  423.  470.  537.  607.  307.]
50
[ 2585.  1870.  2635.  2180.  1828.  1305.  2707.  2192.  2551.  1719.]
75
[ 5238.  4567.  3250.  3399.  3929.  4367.  5357.  3573.  4552.  6125.]
100
[  6678.   7895.   8542.   8526.   6422.   7372.  10129.   8345.   7527.
   8978.]
125
[ 11146.  12594.  18626.  16216.  14090.  11110.  14346.  11258.  12501.
  11522.]
150
[ 17130.  19618.  22223.  17365.  23195.  21073.  19244.  21861.  15179.
  21433.]
175
[ 26172.  33375.  25956.  21541.  25596.  25682.  30268.  28565.  30947.
  28446.]

<function jump at 0x11090b400>
25
[  3306.  40750.  84283.  86488.  59369.  62715.   6340.   8360.  53032.
  76194.]
50
[  4.60315000e+05   5.68630000e+04   2.93538000e+05   6.83821000e+05
   1.64632200e+06   5.80000000e+02   6.50720000e+04   5.97208000e+05
   2.35382000e+05   3.39648000e+05]
75
[  131139.   792122.   313518.  3247274.   651690.  1615722.  2621896.
    75773.   135686.  2399974.]
100
[  157490.  2019598.  3136689.  2979380.  1944904.   311745.  1552403.
  3008249.  1984798.   568554.]
125
[  1638623.   1600911.    136139.   9840835.   1858245.    266928.
   9114775.   1567912.   1334018.  10546525.]
150
[  4949481.  22465018.   2129562.    626756.   1922059.  16634654.
  28315629.   3664326.   1393275.    262288.]