<function rls at 0x10303f6a8>
<function one_max at 0x100f83d08>
25
[  65.  108.   89.   75.   69.   83.   83.   59.   74.   73.]
50
[ 198.  119.   71.   94.  164.  236.  157.  256.  189.  168.]
75
[ 216.  379.  252.  349.  270.  225.  301.  487.  243.  170.]
100
[ 417.  549.  458.  212.  510.  372.  432.  310.  526.  384.]
125
[ 701.  819.  401.  439.  454.  600.  545.  570.  496.  610.]
150
[ 1109.   775.   827.   797.   698.   617.   678.   822.   512.   570.]
175
[ 1111.   862.   674.   756.   718.   908.   844.   745.   843.   726.]

<function leading_ones at 0x10303f488>
25
[ 127.  176.  162.  323.  263.  236.  423.  309.  370.  264.]
50
[ 1293.   918.  1079.   944.  1363.  1194.  1120.  1809.  1009.  1226.]
75
[ 2195.  3493.  2305.  2818.  2909.  2210.  2678.  3146.  3729.  3523.]
100
[ 3855.  5626.  5311.  3705.  6644.  5356.  5866.  4854.  5100.  6678.]
125
[  9296.   6423.   7737.   6870.   7697.   6978.   9531.   8286.  10081.
   6128.]
150
[ 10989.   9993.  10781.  10382.  12119.   9760.   8713.   8221.  12894.
   9999.]
175
[ 14819.  14022.  13459.  11834.  21068.  14480.  17024.  13512.  17872.
  16443.]