<function rls at 0x10cb076a8>
<function one_max at 0x10aa47d08>
25
[ 122.   68.  150.   44.   98.   80.  138.   50.   51.   46.]
50
[ 107.  124.  178.  221.  332.  178.  230.  125.  297.  173.]
75
[ 333.  306.  252.  437.  330.  390.  248.  327.  193.  255.]
100
[ 334.  328.  481.  358.  466.  308.  341.  332.  267.  488.]
125
[ 522.  832.  542.  503.  422.  702.  618.  445.  500.  625.]
150
[ 873.  588.  550.  834.  679.  673.  545.  803.  832.  669.]
175
[ 1226.  1251.   664.  1222.   889.   663.  1051.   831.   906.  1199.]

<function leading_ones at 0x10cb07488>
25
[ 383.  357.  140.  337.  277.  269.  487.  325.  329.  213.]
50
[ 1665.  1055.  1389.  1389.  1803.  2223.  1727.   925.  1113.   775.]
75
[ 2370.  2134.  1900.  3105.  3351.  2967.  1863.  2066.  2627.  2571.]
100
[ 6788.  4760.  5192.  6110.  5855.  3864.  4189.  4715.  4219.  4105.]
125
[  7632.   7397.   8563.   6806.   8538.   8639.  10966.   8731.   7272.
  10026.]
150
[  9977.  11846.  12054.  12054.   9028.  13765.  12730.   8909.  10788.
   9904.]
175
[ 18969.  12634.  14743.  17664.  18319.  12674.  15360.  14269.  15791.
  16160.]

<function jump at 0x10cb07400>
25
[ 1454.  4786.   375.   869.  1507.  1222.  2314.  2415.  6359.  2164.]
50
[ 50000.  26320.   1963.   2727.   1250.   2934.   5947.    688.   4038.
   4122.]
75
[  94474.   45483.  123571.    5478.   97237.    1558.   46063.  102430.
  199933.    8441.]
100
[  76115.   45397.   21826.    7244.   18020.  268549.   13183.  389647.
   73079.   75977.]
125
[ 132583.  299540.  179617.  533644.  130309.  122477.  116704.   11339.
   19395.  157612.]
150
[ 331143.  348260.  457149.  120690.  460176.  119481.  596873.   11790.
   38030.  285275.]
175
[   44003.   634787.   605356.   768204.   405428.   493772.   824501.
  3072497.  2590259.    83822.]

<function royal_roads at 0x10cb07598>
25
[ 341.  471.  384.  558.  177.  294.  193.  132.  444.  415.]
50
[ 1118.  1360.   693.  1781.   578.  1017.   780.   479.  1028.  1080.]
75
[ 1060.  1799.   930.  1936.  1976.  2721.  1470.  1491.  2360.  2076.]
100
[ 2484.  2200.  3169.  2378.  2494.  2883.  1717.  2889.  1981.  1541.]
125
[ 5196.  3428.  4755.  3668.  4081.  2859.  3632.  4590.  3202.  3384.]
150
[  2582.   3079.  13784.   5346.   3140.   5610.   5078.   3136.   3686.
   4187.]
175
[ 4901.  8951.  5082.  5492.  6797.  5029.  3518.  7627.  5071.  3689.]
