runLambda2.py 
<function make_oneLambdaEA.<locals>.oneLambdaEA at 0x105ceaa60>
<function one_max at 0x103c35d08>
25
[  70.   58.   33.   87.   35.   95.   99.  200.   55.   87.]
50
[ 250.  162.  149.  236.  188.  188.  212.  199.  142.  215.]
75
[ 285.  288.  476.  311.  622.  360.  556.  522.  322.  326.]
100
[ 602.  671.  777.  611.  606.  774.  436.  329.  554.  432.]
125
[ 491.  778.  894.  750.  704.  668.  630.  830.  396.  906.]
150
[  817.   980.   610.   716.   631.  1282.   927.   661.   529.   925.]
175
[ 1082.   763.  1201.  1435.  1840.   992.  1350.   777.   647.  1190.]

<function leading_ones at 0x105cea488>
25
[ 277.  320.  316.  323.  264.  180.  228.  329.  330.  185.]
50
[  878.  1025.   910.  1100.  1006.   818.  1081.   987.  1217.  1164.]
75
[ 1933.  1695.  1962.  3218.  2453.  2113.  2759.  2896.  2203.  1556.]
100
[ 6070.  3545.  3479.  3165.  4252.  4032.  4341.  4446.  4906.  3851.]
125
[ 6634.  5953.  5820.  5226.  6026.  6370.  5473.  6333.  6862.  5844.]
150
[  9317.   9212.  12151.   7477.  10060.   8748.  12568.   7827.   9804.
   8495.]
175
[ 10595.  10569.  11654.  13029.  14117.  12532.  12405.  12047.  13355.
  13186.]

<function jump at 0x105cea400>
25
[ 1102.   923.    72.  2530.   908.    54.  1363.  4796.   278.   726.]
50
[ 12198.   2052.  21847.  12090.  29900.  15720.  18706.  50700.   5356.
   1945.]
75
[  92429.    5314.   36680.   54606.  104392.  133565.    6849.   24582.
     364.   62528.]
100
[ 224700.  105805.  419391.   30359.  178083.   25435.   30255.  336082.
  152799.  161500.]
125
[ 132697.    2469.  123575.  815934.  393088.   43869.  149194.   32699.
  442863.   75324.]
150
[ 1459874.   704981.   124828.   106169.   622779.   809321.    44526.
   106922.   952008.   118197.]
175
[ 1053086.  1847529.    43834.   100659.    44468.   785764.   109447.
     8953.  1962699.   852949.]

<function royal_roads at 0x105cea598>
25
[  388.   358.  1190.   337.   352.   397.   873.   702.   503.   627.]
50
[ 1112.  1631.  1215.  1591.   896.  2125.  1360.  1083.  1599.   711.]
75
[ 3165.  3124.  2262.   859.  1019.  1821.  2117.  3209.  1165.   927.]
100
[ 4336.  3359.  2253.  2064.  4359.  4034.  2062.  4422.  3295.  3804.]
125
[ 4427.  3999.  4801.  5027.  6213.  2928.  1734.  2072.  2938.  2271.]
150
[ 5311.  4277.  3893.  5850.  4055.  3220.  8180.  7561.  4820.  5793.]
175
[ 10878.   6926.  13148.   3978.   3664.   4791.   4167.   8150.   7739.
   3938.]