runLambda10.py 
<function make_oneLambdaEA.<locals>.oneLambdaEA at 0x104742a60>
<function one_max at 0x102685d08>
25
[ 40.  34.  17.  23.  20.  25.  19.  25.  23.  23.]
50
[  67.   40.   49.  103.   47.   48.   46.   59.   43.   53.]
75
[  90.   58.   72.   84.   69.   54.   68.   68.  100.   92.]
100
[ 146.  162.  111.   73.  108.   83.  157.  141.  156.  172.]
125
[ 148.  219.  180.  129.  190.  255.  139.  144.  250.  163.]
150
[ 226.  177.  185.  265.  246.  264.  192.  269.  231.  191.]
175
[ 257.  311.  180.  270.  192.  211.  268.  233.  285.  259.]

<function leading_ones at 0x104742488>
25
[ 42.  58.  50.  64.  57.  74.  41.  30.  46.  32.]
50
[ 317.  228.  309.  193.  248.  201.  143.  158.  309.  211.]
75
[ 448.  298.  492.  559.  620.  464.  381.  695.  345.  557.]
100
[  764.   748.   780.   684.  1139.   598.   678.   784.   762.   964.]
125
[ 1356.  1409.  1125.  1325.  1107.  1175.  1258.  1729.  1742.  1198.]
150
[ 2232.  2324.  2073.  2632.  2321.  2104.  2307.  1740.  1817.  1798.]
175
[ 3774.  3272.  2678.  3225.  2612.  2801.  2203.  2595.  2901.  1843.]

<function jump at 0x104742400>
25
[ 3835.  1895.  3582.  2514.   994.  6869.  2732.   593.  2020.   555.]
50
[ 43487.  21234.  48239.   5152.  42584.  18806.  18107.   7673.   2940.
  32459.]
75
[ 202754.  218964.   27567.   55666.    1758.   51462.   73855.   70545.
   77044.  279966.]
100
[   46621.     7702.    82321.     7820.  1366370.    70890.     4367.
   437338.   594215.   912821.]
125
[  377230.   405389.  1471102.   281472.    19556.  1470659.   413083.
    98615.    92761.    56324.]
150
[   31350.   656260.   164996.   730353.  2596102.  1992035.   365954.
  1525504.   510041.   681577.]
175
[  767151.  1302948.    47379.  1998124.   486094.  2024798.  1498678.
   117088.  1061180.  1967373.]