/runLambda50.py 
<function make_oneLambdaEA.<locals>.oneLambdaEA at 0x107d7aa60>
<function one_max at 0x105c2ad08>
25
[ 10.   9.   9.   8.  10.  10.   8.   8.   8.   6.]
50
[ 21.  27.  25.  22.  16.  19.  16.  20.  24.  24.]
75
[ 25.  33.  28.  27.  34.  27.  29.  29.  33.  34.]
100
[ 50.  31.  40.  39.  36.  35.  47.  43.  41.  49.]
125
[ 60.  54.  62.  54.  60.  54.  65.  66.  60.  60.]
150
[ 66.  78.  64.  73.  74.  61.  73.  71.  69.  82.]
175
[  74.  100.   87.   65.   98.   90.   89.   72.   94.   93.]

<function leading_ones at 0x107d7a488>
25
[ 19.  20.  14.  10.  16.  16.  20.  14.  15.  25.]
50
[ 68.  58.  73.  41.  46.  54.  74.  75.  78.  57.]
75
[ 128.  138.  136.  107.  115.  123.  125.  127.  131.   97.]
100
[ 172.  177.  193.  205.  167.  175.  163.  150.  228.  178.]
125
[ 350.  314.  252.  307.  278.  277.  276.  332.  271.  240.]
150
[ 482.  336.  441.  381.  394.  455.  336.  280.  526.  332.]
175
[ 648.  588.  608.  574.  605.  557.  570.  628.  506.  564.]

<function jump at 0x107d7a400>
25
[ 256.   45.   59.  118.   71.  105.  102.   34.   90.   57.]
50
[  617.    21.   534.   137.   146.   619.  1019.    77.  2410.   548.]
75
[ 4066.   197.   977.    44.  1404.   130.  2978.   685.   691.    37.]
100
[  236.  5176.  1981.    62.  1256.  2443.   601.  1567.   825.  1960.]
125
[ 11517.   1747.   3393.   1254.  45631.   3804.   3001.   1692.   4468.
   1546.]
150
[  3180.  21740.   2205.   8098.   6084.   3285.   2408.   4840.   8186.
    949.]
175
[  7804.   7660.  15181.  23214.  20704.  16453.  55112.  10633.    822.
   6745.]

<function royal_roads at 0x107d7a598>
25
[  91.   48.   26.  198.   29.  159.  101.   65.   29.   23.]
50
[ 310.  274.  106.  339.  116.  214.  174.  133.  236.  236.]
75
[ 309.  245.  361.  213.  408.  264.  409.  372.  275.  557.]
100
[ 829.  367.  501.  545.  288.  909.  852.  314.  631.  970.]
125
[  433.   430.   647.   725.  1235.   986.   737.  1155.   873.  1066.]
150
[  968.   770.   690.  1457.  1213.  1276.  1428.  1311.   731.  1060.]
175
[ 2634.  1849.   610.  1305.  1315.  1591.  1179.  1678.   870.  2834.]
