runLambda50.py 
<function make_oneLambdaEA.<locals>.oneLambdaEA at 0x10864ca60>
<function one_max at 0x10658bd08>
25
[ 12.   9.  10.  15.   9.  11.   9.  11.   8.   6.]
50
[ 22.  24.  22.  15.  24.  19.  19.  18.  25.  21.]
75
[ 42.  36.  31.  37.  29.  51.  30.  32.  40.  30.]
100
[ 50.  38.  44.  40.  40.  45.  63.  36.  46.  55.]
125
[ 55.  51.  40.  49.  68.  61.  67.  76.  72.  64.]
150
[ 65.  67.  69.  85.  57.  65.  58.  61.  77.  68.]
175
[ 121.   83.   72.   68.   87.   75.   78.  104.   94.   88.]

<function leading_ones at 0x10864c488>
25
[ 17.  13.  19.  11.  17.  15.  14.  16.  21.  17.]
50
[ 56.  42.  53.  54.  56.  78.  68.  56.  50.  35.]
75
[ 104.  118.  120.   94.  143.  108.  100.   96.   77.   95.]
100
[ 231.  153.  161.  182.  183.  243.  215.  220.  226.  207.]
125
[ 311.  304.  269.  347.  257.  253.  313.  387.  197.  357.]
150
[ 453.  447.  382.  453.  415.  359.  396.  510.  337.  380.]
175
[ 531.  711.  580.  464.  579.  648.  480.  578.  645.  538.]

<function jump at 0x10864c400>
25
[   64.   125.  1391.  1168.  1527.    77.   170.  1056.   190.   247.]
50
[  9813.  11576.   3047.    618.   5121.   6377.   3768.    948.   1711.
   4648.]
75
[ 41964.  32930.  45731.  10192.   5064.  26474.  12277.  19578.  25391.
  33672.]
100
[  28544.   58934.  191001.   49231.   36342.  324994.    2540.   15694.
    1907.  154802.]
125
[  1.32220000e+04   3.02070000e+04   2.49110000e+04   1.71486000e+05
   1.41000000e+02   2.56600000e+04   2.80156000e+05   1.50378000e+05
   6.23000000e+02   2.48950000e+04]
150
[ 38249.  35194.  20966.   9650.  14318.   6142.  96906.  66832.  43009.
  41220.]
175
[   7356.  750862.  352451.  454672.  317474.   97662.   69591.   10157.
  285903.  335246.]

<function royal_roads at 0x10864c598>
25
[  1.69000000e+02   4.85179000e+05   2.94000000e+02   5.10000000e+01
   6.36100000e+03   2.47800000e+03   6.18000000e+02   2.49200000e+03
   2.69900000e+03   1.40642000e+05]