<function oneOneEA at 0x10e895730>
<function one_max at 0x10c7a8d08>
25
[ 179.  145.  144.  221.  198.  360.  177.   77.  366.  133.]
50
[ 201.  831.  220.  390.  517.  446.  402.  276.  329.  286.]
75
[  770.   416.   568.   746.   927.   369.   571.  1005.   772.   280.]
100
[ 1097.  1194.  1028.   660.   975.  1367.   964.   746.  1621.  2050.]
125
[ 1748.  1219.  1492.  1221.   782.  2615.  1140.  1276.  1156.  2014.]
150
[ 1194.  1770.  1366.  1438.  2703.  1561.  2576.  2260.  1696.  1714.]
175
[ 2102.  2086.  1816.  2279.  1494.  1734.  1977.  1672.  2142.  1976.]

<function leading_ones at 0x10e895488>
25
[ 445.  573.  534.  348.  266.  618.  284.  361.  592.  476.]
50
[ 2631.  1754.  2740.  1596.  2677.  1906.  1562.  1813.  2128.  2106.]
75
[ 5909.  4593.  3948.  5747.  4987.  2851.  5022.  4986.  4177.  4336.]
100
[ 11957.  10579.  10288.   7843.   9908.   9120.   7308.   7826.   8187.
   7551.]
125
[ 13979.  12909.   7096.  12926.  13660.  14364.  12755.  12791.  17163.
  14486.]
150
[ 20018.  19244.  17335.  20259.  18163.  19095.  17707.  17070.  20151.
  19718.]
175
[ 23765.  24955.  27303.  19854.  15262.  24756.  27619.  26550.  27931.
  31341.]

<function jump at 0x10e895400>
25
[  4191.   3572.  13712.   2393.   3188.   1722.    117.   2931.   4096.
   4468.]
50
[ 45137.  39838.  38733.  38629.    377.  28602.  12223.  43482.  25881.
  18512.]
75
[  14469.   14326.   41223.  177453.  202046.   59979.   15737.   55560.
   67125.  222441.]
100
[  76836.    1898.  455345.   30055.  158321.  168294.  108086.  121794.
  253348.  765475.]
125
[ 142030.  470468.  221122.  526112.   42753.   93279.  288115.  425435.
  222477.  984517.]
150
[  354423.   167149.   807574.   465129.   370740.   233419.   358949.
   642123.  1998640.   500811.]
175
[ 1572967.   163251.  2245867.    65852.  1363897.   165105.  2226003.
  1212024.    11740.   660502.]

<function royal_roads at 0x10e895598>
25
[  506.   811.   853.  1202.   210.   530.  1931.   805.  3684.   609.]
50
[ 1043.  3940.  4211.  1045.  3223.  3411.  2756.  1681.  1280.  2865.]
75
[ 4136.  4093.  4468.  2583.  4757.  2672.  4319.  4863.  3991.  3860.]
100
[ 3695.  5691.  5596.  4032.  8628.  3167.  5612.  5322.  4107.  3100.]
125
[ 10933.   8518.   7566.   6139.   6646.   9079.   5525.   4616.   7042.
  11744.]
150
[  9336.   4921.  12416.   8118.  16699.   7776.  12535.  12809.  11422.
   8216.]
175
[ 30953.   8628.  10519.  11042.   9285.  11632.  17687.  10372.   8278.
  12959.]